02 00 00 00 00 00 04 05  00 00 00 00 00 26 25 A0
02 00 00 00 00 00 05 06  00 00 00 00 00 26 25 A0
02 02 00 00 00 00 00 04  01 00 00 00 00 00 00 10
00 03 00 00 00 00 00 F2  14 00 00 00 00 02 00 07
5F 72 65 73 75 6C 74 00  3F F0 00 00 00 00 00 00
03 00 06 66 6D 73 56 65  72 02 00 0E 46 4D 53 2F
34 2C 30 2C 30 2C 31 31  32 31 00 0C 63 61 70 61
62 69 6C 69 74 69 65 73  00 40 6F E0 00 00 00 00
00 00 04 6D 6F 64 65 00  3F F0 00 00 00 00 00 00
00 00 09 03 00 05 6C 65  76 65 6C 02 00 06 73 74
61 74 75 73 00 04 63 6F  64 65 02 00 1D 4E 65 74
43 6F 6E 6E 65 63 74 69  6F 6E 2E 43 6F 6E 6E 65
63 74 2E 53 75 63 63 65  73 73 00 0B 64 65 73 63
72 69 70 74 69 6F 6E 02  00 15 43 6F 6E 6E 65 63
74 69 6F 6E 20 73 75 63  63 65 65 64 65 64 2E 00
0E 6F 62 6A 65 63 74 45  6E 63 6F 64 69 6E 67 00
00 00 00 00 00 00 00 00  00 04 64 61 74 61 08 00
00 00 00 00 07 76 65 72  73 69 6F 6E 02 00 0A 34
2C 30 2C 30 2C 31 31 32  31 00 00 09 00 00 09   