43 00 00 00 00 03 B7 13  00 11 49 47 54 5F 5F 30
30 30 31 32 45 32 33 33  35 41 41 00 00 02 51 00
00 00 00 00 00 00 00 03  00 00 03 93 00 04 55 73
65 72 10 00 2C 49 47 54  2E 53 42 2E 4D 4D 52 2E
52 54 4D 50 43 6C 69 65  6E 74 2E 53 69 6D 70 6C
65 53 68 61 72 65 64 4F  62 6A 65 63 74 53 6C 6F
74 00 0A 4C 61 73 74 55  70 64 61 74 65 0B 42 73
D1 0F 50 1C 60 00 00 00  00 04 44 61 74 61 10 00
23 49 47 54 2E 53 42 2E  C3 4D 4D 52 2E 42 75 73
69 6E 65 73 73 45 6E 74  69 74 69 65 73 2E 53 65
73 73 69 6F 6E 00 09 53  65 73 73 69 6F 6E 49 64
00 40 66 E0 00 00 00 00  00 00 0D 53 65 73 73 69
6F 6E 54 79 70 65 49 64  00 3F F0 00 00 00 00 00
00 00 0F 50 6C 61 79 65  72 73 65 73 73 69 6F 6E
49 64 00 40 65 80 00 00  00 00 00 00 06 43 61 72
64 49 64 02 00 14 31 32  33 34 35 36 36 35 30 30
30 30 30 30 30 33 31 34  33 C3 34 00 05 45 67 6D
49 64 02 00 10 49 47 54  5F 30 30 30 31 32 45 32
33 33 35 41 41 00 0D 50  72 65 66 65 72 72 65 64
4E 61 6D 65 02 00 04 4C  49 4E 47 00 09 46 69 72
73 74 4E 61 6D 65 02 00  04 4C 49 4E 47 00 08 4C
61 73 74 4E 61 6D 65 02  00 04 48 45 4E 47 00 09
43 61 72 64 43 6C 61 73  73 02 00 00 00 08 52 61
6E 6B 4E 61 6D 65 02 00  00 00 06 52 61 6E 6B 49
64 00 00 00 00 00 00 00  00 00 C3 00 08 4C 6F 63
61 6C 65 49 64 02 00 05  65 6E 5F 55 53 00 11 50
6F 69 6E 74 42 61 6C 61  6E 63 65 54 6F 74 61 6C
00 40 8F D0 00 00 00 00  00 00 0A 49 73 42 69 72
74 68 64 61 79 01 00 00  08 42 69 72 74 68 64 61
79 05 00 03 41 67 65 00  00 00 00 00 00 00 00 00
00 0D 49 73 41 6E 6E 69  76 65 72 73 61 72 79 01
00 00 0B 41 6E 6E 69 76  65 72 73 61 72 79 05 00
06 48 61 73 50 69 6E 01  01 00 0B C3 49 73 50 69
6E 4C 6F 63 6B 65 64 01  00 00 0B 49 73 41 62 61
6E 64 6F 6E 65 64 01 00  00 08 49 73 42 61 6E 6E
65 64 01 00 00 0C 49 73  53 65 6C 66 42 61 6E 6E
65 64 01 00 00 0B 49 73  44 75 70 6C 69 63 61 74
65 01 00 00 11 44 75 70  6C 69 63 61 74 65 4C 6F
63 61 74 69 6F 6E 02 00  00 00 13 45 67 6D 50 6F
69 6E 74 50 6C 61 79 45  6E 61 62 6C 65 64 01 00
00 16 50 6C 61 79 65 72  50 6F 69 6E C3 74 50 6C
61 79 45 6E 61 62 6C 65  64 01 01 00 15 50 6F 69
6E 74 42 61 6C 61 6E 63  65 41 76 61 69 6C 61 62
6C 65 00 40 8F D0 00 00  00 00 00 00 14 45 67 6D
58 74 72 61 43 72 65 64  69 74 45 6E 61 62 6C 65
64 01 01 00 17 50 6C 61  79 65 72 58 74 72 61 43
72 65 64 69 74 45 6E 61  62 6C 65 64 01 01 00 10
58 74 72 61 43 72 65 64  69 74 4C 69 6D 69 74 73
00 40 72 20 00 00 00 00  00 00 11 58 74 C3 72 61
43 72 65 64 69 74 42 61  6C 61 6E 63 65 00 40 72
20 00 00 00 00 00 00 0E  46 72 65 65 50 6C 61 79
41 63 74 69 76 65 01 00  00 11 47 69 66 74 50 6F
69 6E 74 73 45 6E 61 62  6C 65 64 01 00 00 0D 53
74 61 72 74 44 61 74 65  54 69 6D 65 0B 42 73 D1
0F 4F B3 E0 00 00 00 00  10 57 61 74 49 73 50 69
6E 52 65 71 75 69 72 65  64 05 00 15 57 61 74 43
61 72 64 49 6E 41 75 74  6F 54 72 61 6E 73 C3 66
65 72 05 00 16 57 61 74  43 61 72 64 4F 75 74 41
75 74 6F 54 72 61 6E 73  66 65 72 05 00 11 57 61
74 41 63 63 6F 75 6E 74  42 61 6C 61 6E 63 65 05
00 00 09 00 00 